Result= [
    0.0000000000    2.5692207836  137.5549961699;
    0.0020000000    2.5699671224  137.6221774719;
    0.0040000000    2.5707213825  137.6894193293;
    0.0060000000    2.5714836693  137.7567235927;
    0.0080000000    2.5722540908  137.8240921467;
    0.0100000000    2.5730327576  137.8915269114;
    0.0120000000    2.5738197826  137.9590298434;
    0.0140000000    2.5746152816  138.0266029368;
    0.0160000000    2.5754193730  138.0942482244;
    0.0180000000    2.5762321778  138.1619677793;
    0.0200000000    2.5770538203  138.2297637154;
    0.0220000000    2.5778844273  138.2976381898;
    0.0240000000    2.5787241290  138.3655934030;
    0.0260000000    2.5795730587  138.4336316013;
    0.0280000000    2.5804313528  138.5017550779;
    0.0300000000    2.5812991512  138.5699661744;
    0.0320000000    2.5821765974  138.6382672825;
    0.0340000000    2.5830638384  138.7066608458;
    0.0360000000    2.5839610248  138.7751493615;
    0.0380000000    2.5848683114  138.8437353821;
    0.0400000000    2.5857858566  138.9124215176;
    0.0420000000    2.5867138233  138.9812104372;
    0.0440000000    2.5876523785  139.0501048716;
    0.0460000000    2.5886018095  139.1191076142;
    0.0480000000    2.5895620317  139.1882215277;
    0.0500000000    2.5905333694  139.2574495392;
    0.0520000000    2.5915160084  139.3267946480;
    0.0540000000    2.5925101394  139.3962599270;
    0.0560000000    2.5935159585  139.4658485254;
    0.0580000000    2.5945336675  139.5355636711;
    0.0600000000    2.5955634737  139.6054086745;
    0.0620000000    2.5966057448  139.6753869326;
    0.0640000000    2.5976604327  139.7455019270;
    0.0660000000    2.5987278786  139.8157572347;
    0.0680000000    2.5998083151  139.8861565274;
    0.0700000000    2.6009019821  139.9567035764;
    0.0720000000    2.6020091264  140.0274022565;
    0.0740000000    2.6031300026  140.0982565503;
    0.0760000000    2.6042648731  140.1692705528;
    0.0780000000    2.6054140085  140.2404484759;
    0.0800000000    2.6065776878  140.3117946535;
    0.0820000000    2.6077561993  140.3833135467;
    0.0840000000    2.6089498403  140.4550097492;
    0.0860000000    2.6101589179  140.5268879935;
    0.0880000000    2.6113837495  140.5989531565;
    0.0900000000    2.6126246630  140.6712102667;
    0.0920000000    2.6138819976  140.7436645103;
    0.0940000000    2.6151561039  140.8163212394;
    0.0960000000    2.6164473450  140.8891859789;
    0.0980000000    2.6177560965  140.9622644351;
    0.1000000000    2.6190827477  141.0355625045;
    0.1020000000    2.6204277018  141.1090862828;
    0.1040000000    2.6217913768  141.1828420749;
    0.1060000000    2.6231742064  141.2568364052;
    0.1080000000    2.6245766403  141.3310760289;
    0.1100000000    2.6259991458  141.4055679437;
    0.1120000000    2.6274422079  141.4803194025;
    0.1140000000    2.6289063309  141.5553379269;
    0.1160000000    2.6303920392  141.6306313218;
    0.1180000000    2.6318998783  141.7062076905;
    0.1200000000    2.6334304163  141.7820754515;
    0.1220000000    2.6349842448  141.8582433559;
    0.1240000000    2.6365619805  141.9347205070;
    0.1260000000    2.6381642667  142.0115163800;
    0.1280000000    2.6397917749  142.0886408445;
    0.1300000000    2.6414452063  142.1661041878;
    0.1320000000    2.6431252938  142.2439171408;
    0.1340000000    2.6448328041  142.3220909049;
    0.1360000000    2.6465685396  142.4006371825;
    0.1380000000    2.6483333412  142.4795682085;
    0.1400000000    2.6501280901  142.5588967857;
    0.1420000000    2.6519537112  142.6386363223;
    0.1440000000    2.6538111761  142.7188008734;
    0.1460000000    2.6557015057  142.7994051858;
    0.1480000000    2.6576257746  142.8804647466;
    0.1500000000    2.6595851145  142.9619958368;
    0.1520000000    2.6615807186  143.0440155901;
    0.1540000000    2.6636138462  143.1265420565;
    0.1560000000    2.6656858283  143.2095942727;
    0.1580000000    2.6677980724  143.2931923403;
    0.1600000000    2.6699520698  143.3773575105;
    0.1620000000    2.6721494017  143.4621122790;
    0.1640000000    2.6743917475  143.5474804907;
    0.1660000000    2.6766808929  143.6334874558;
    0.1680000000    2.6790187397  143.7201600794;
    0.1700000000    2.6814073164  143.8075270060;
    0.1720000000    2.6838487899  143.8956187813;
    0.1740000000    2.6863454795  143.9844680335;
    0.1760000000    2.6888998711  144.0741096781;
    0.1780000000    2.6915146351  144.1645811487;
    0.1800000000    2.6941926454  144.2559226585;
    0.1820000000    2.6969370014  144.3481774985;
    0.1840000000    2.6997510534  144.4413923770;
    0.1860000000    2.7026384312  144.5356178096;
    0.1880000000    2.7056030780  144.6309085678;
    0.1900000000    2.7086492882  144.7273241977;
    0.1920000000    2.7117817530  144.8249296234;
    0.1940000000    2.7150056122  144.9237958513;
    0.1960000000    2.7183265164  145.0240007976;
    0.1980000000    2.7217506999  145.1256302667;
    0.2000000000    2.7252854272  145.2287791145;
    0.2020000000    2.7289377130  145.3335526401;
    0.2040000000    2.7327164517  145.4400682699;
    0.2060000000    2.7366312789  145.5484576016;
    0.2080000000    2.7406930722  145.6588689161;
    0.2100000000    2.7449141857  145.7714702916;
    0.2120000000    2.7493087428  145.8864535062;
    0.2140000000    2.7538930087  146.0040389875;
    0.2160000000    2.7586858696  146.1244821761;
    0.2180000000    2.7637094585  146.2480818267;
    0.2200000000    2.7689899861  146.3751910241;
    0.2220000000    2.7745588667  146.5062320823;
    0.2240000000    2.7804542751  146.6417171425;
    0.2260000000    2.7867233582  146.7822773858;
    0.2280000000    2.7934254688  146.9287057171;
    0.2300000000    2.8006370678  147.0820213909;
    0.2320000000    2.8084594812  147.2435721694;
    0.2340000000    2.8170318487  147.4152046716;
    0.2360000000    2.8265542618  147.5995684553;
    0.2380000000    2.8373330094  147.8007100603;
    0.2400000000    2.8498809188  148.0253894229;
    0.2420000000    2.8651881425  148.2866136342;
    0.2440000000    2.8857412121  148.6169951029;
    0.2460000000    2.9273326761  149.2228651916;
    0.2480000000    3.5626219111  154.6000000000;
    0.2500000000    3.5550681767  154.6000000000;
    0.2520000000    3.5475684480  154.6000000000;
    0.2540000000    3.5401218932  154.6000000000;
    0.2560000000    3.5327276985  154.6000000000;
    0.2580000000    3.5253850691  154.6000000000;
    0.2600000000    3.5180932281  154.6000000000;
    0.2620000000    3.5108514168  154.6000000000;
    0.2640000000    3.5036588933  154.6000000000;
    0.2660000000    3.4965149324  154.6000000000;
    0.2680000000    3.4894188252  154.6000000000;
    0.2700000000    3.4823698784  154.6000000000;
    0.2720000000    3.4753674139  154.6000000000;
    0.2740000000    3.4684107685  154.6000000000;
    0.2760000000    3.4614992932  154.6000000000;
    0.2780000000    3.4546323530  154.6000000000;
    0.2800000000    3.4478093266  154.6000000000;
    0.2820000000    3.4410296057  154.6000000000;
    0.2840000000    3.4342925948  154.6000000000;
    0.2860000000    3.4275977110  154.6000000000;
    0.2880000000    3.4209443832  154.6000000000;
    0.2900000000    3.4143320523  154.6000000000;
    0.2920000000    3.4077601707  154.6000000000;
    0.2940000000    3.4012282018  154.6000000000;
    0.2960000000    3.3947356198  154.6000000000;
    0.2980000000    3.3882819095  154.6000000000;
    0.3000000000    3.3818665661  154.6000000000;
    0.3020000000    3.3754890945  154.6000000000;
    0.3040000000    3.3691490096  154.6000000000;
    0.3060000000    3.3628458357  154.6000000000;
    0.3080000000    3.3565791063  154.6000000000;
    0.3100000000    3.3503483639  154.6000000000;
